1000
1300944797 561718449 1558577775 506370820
1977535399 1588789797 1084018408 873790907
137383863 446868044 1178278204 920397
839345129 2069922221 974528355 352855073
1445187081 256837527 531130892 44837044
1488232803 235426636 295863224 20922305
456111086 1115711467 1462684621 242047732
969718128 963141682 721848255 123179276
1524860130 132942383 40644221 13652587
1721732179 1124662630 1165237545 693878496
1571530673 196032102 1860036436 263392153
118470674 687081145 616247224 331163307
943918671 1147378118 2139625689 284667825
1382804753 288005266 1489043024 349872814
1403716732 804243998 2080963569 225951211
1767385679 655328177 349130485 97370706
788270559 389774707 352190391 10328698
1514437336 1517427938 74151481 48666588
1713460039 1934187918 1201876512 630054201
473785414 1818123737 1248104818 169599267
818018206 1240246860 1702371908 53339310
1528252125 1043931286 1892255147 784485208
1848175283 1825735069 1010436418 457640896
333579597 1359566904 465355825 191138505
1749341611 817546217 1484369242 1116295298
187490506 1558520724 2054779657 1900950545
1345224994 1109172522 1585397608 233612799
779812610 686018779 1089230842 508599974
1926265638 644119104 1651170124 1307034114
1688050389 1395941624 2091519320 1388742023
1074193044 954472091 709335687 698436953
166555347 1174691513 382139145 5201232
1992237730 1866508389 884708605 32244587
1277545464 792004615 1933195130 475286809
1901177136 1371109091 146813567 93065397
2057127869 1236044410 2131336912 1835909858
1880163513 1635023389 995460322 425269931
883481365 939495996 661988627 633697154
1893968086 1371324315 1217963399 842560033
398532180 1600102545 1828936739 243286261
1319127285 566161698 275530846 173658255
1358166312 61242330 924475908 187383892
1432351420 1071289476 1645365896 1341995641
159850238 1629219161 1030421849 1009591901
1116758901 2025882173 1313260354 686979911
817894520 1975248982 1810431024 564378957
1199089648 880910776 477418740 165365607
333529672 158871832 1840908086 1652656957
725033529 2116438934 2101846056 2083199841
30197615 878838317 1047575991 414973043
1950127793 545458240 657061025 138794955
27193752 1687482876 2002508130 1143952652
1565881400 1168284837 996709268 236292271
996050170 659656645 800671226 47656170
1540567420 1278089967 1645277995 228819096
1436961799 1338702435 1379270398 14511679
1307657720 1333632807 2097711518 1337855334
64987476 997803862 652920718 56353114
1543262101 1309981745 1977609648 1570455852
849980972 1832634131 566924855 268378723
853435320 1563634124 504670992 335472513
75807120 1305342219 1897141657 1616374539
435948538 1394936006 1342987980 529922356
586154792 574774732 1887422013 6390498
1908407538 1837649885 1084184195 889210818
687970098 1737104914 1841026631 83748551
899603010 1671152632 1654204401 95379580
1356303115 73645609 2017962702 62254786
1637279732 375150047 1911740273 1713086851
1680492266 1661398284 1181977740 934463063
908850641 377482074 1841867489 1495005432
952256805 1581805855 1241334293 713180694
1271972091 178034841 539092058 342666015
1915139754 232635042 2043690738 667259116
1903787674 1550411492 269359447 35169352
1624057101 139838503 1174861924 1113853184
514988549 939118550 679456386 47997166
453033185 1861434127 16954319 5538305
91432552 1858821809 709405607 334283749
1293144016 1950739901 1756870049 417632458
2128774741 148478460 230090997 55702871
381113501 126298088 416206313 137417526
1676709580 685565761 1250024664 1153283032
825404263 277402941 119652566 24214586
1216521491 799108953 1388389976 281164699
513059432 1405344297 883954851 604491983
1116682457 1593360459 1648181338 262342824
1396616712 1257567740 679975281 17957242
1406046199 910066279 1126855001 660304698
1036364367 1543061315 1924577224 565590298
81143428 1027118241 1718873328 906547690
1304521182 1838525895 99456852 75188468
490151200 1487846830 2043113697 1003210631
745707478 779584901 1607702612 254687322
225461712 1108400303 2124732757 1622078423
218484394 657224391 852502577 772028015
1567290669 1979357580 1264206642 456171387
1374935246 1041300219 1021761683 434316990
2068418459 593151364 215142714 149742422
284193611 314599567 1599015014 774344810
1802446396 1494645065 1777555439 400670225
126746317 1237774404 115576510 5478498
198691059 92825620 1974286449 417175452
750050010 679305380 2041706043 169857030
511179311 1158429038 626028416 8029308
52245608 1647790100 1194709580 925954486
93457816 1409852295 1198636409 377651426
1724451861 650167776 1151996234 227418375
2144812840 782068026 1780084832 124075509
2019842429 1895661343 476283535 71049839
1988486962 303086338 488225290 102828033
982391717 382447686 760910352 732660675
1540876723 1386938769 1232201933 360920397
887245220 279427866 1566302746 980703035
1689280160 617455508 1358354459 1266248373
1267623284 362867046 498179332 268593811
1144935071 130780517 1389027982 1017293852
2026441860 1865311519 1088343689 779101484
20914208 1576568980 311014847 70261383
1959016665 1071925200 349393301 304229836
311380320 1581595235 798048419 400577120
1861023101 216867519 31844925 1642912
834323026 1390199385 521584335 15608969
1753066431 1019763668 1219415135 750517853
1150544185 460959470 1767811703 1029502396
178787340 708671746 749463919 199701547
137757077 1060478767 1203007469 893766273
2132403966 1552400771 1301699831 296300637
986512358 2099748252 1494926175 700051810
169132122 1526771101 2102871420 1003455147
769486837 476972109 957917807 375069619
1496735776 29849295 1125587471 499796312
490808764 745915527 1529298706 669596104
1454587272 131278979 869297649 723046700
1191757745 2072305120 1541634441 1176678063
1477222242 695850625 1472978698 316250951
648115228 820421226 1016302759 817247349
199708678 971690533 1820702495 969195515
1448662641 631136655 1344265132 797914768
660985949 322368956 1297711079 1151794712
1068284483 679526138 1821390814 375388106
810805116 543204817 1967732453 34830408
468026288 1361883247 1031757274 913491255
2057733872 357252325 114015831 102302127
1177673551 1130318591 1375612799 1769429
2102009123 1048831647 199094093 9529464
1679968301 1543359227 53619234 32612899
1865728182 1351330314 1345265311 786529016
2030856451 1019172479 1161917121 694177919
1562377295 982165927 549257130 382632192
196565526 1581014405 1828168461 106815749
1938266729 1942184293 665181198 303275433
925019236 2040793998 198355210 86123870
942141996 397449304 135249176 68879120
1940808530 188868411 668097247 322858570
1540198724 2013362560 298098430 231177806
885051390 1460015552 2117749443 299945036
294697831 519522926 182864968 125533420
2100537330 2011033430 598079103 97083102
1805734075 1263260302 712293392 583269662
1156570652 910648603 1462814370 635898277
1308097907 1598063547 425855646 249711496
1786931957 1093952894 612992202 566654830
959831805 911090634 455734909 21943558
223622537 426000705 2144828228 518320367
945523631 180209549 1009583721 898577312
43759331 1607662825 642414073 564665259
723439479 1354707467 285279417 168333628
117872421 1748093788 1831239127 1425970327
1198673687 109611126 379909466 78303063
1203564020 992901669 2017769026 15912176
1903992302 326020288 1860795369 266819470
752020992 1858139950 498451556 202189954
2038349499 1508035279 448638285 287555689
968214455 1091052359 1784118584 1691653933
298276177 2069398002 1424180413 416148598
1670008141 1107935894 1842118923 721198179
1217547019 74544742 1559320173 273627390
1067446411 1429605552 289539565 244875934
1755625839 2851287 804086253 360163182
1860991236 1302537811 2057707803 1751857086
663089441 358862441 1686482265 1631303895
1449914799 1323117202 1175474179 572716797
1245031555 452170945 16855924 9039468
1560106838 1858974848 1488754225 630170209
1933519590 900590751 903797597 853482352
182712654 1193337163 1677437414 260901078
1196188449 334040021 151018025 3587887
1636577831 61242181 514069473 152183623
420104621 53068092 1783487516 86531903
1376185293 811478048 1470726745 473733200
1263648993 1487582670 1241289246 676272182
1199073870 582559824 1306442389 985109811
1483150575 62756340 1838592161 1665863228
1256093502 1368545928 1456718071 304798303
1702585948 1607736097 1214494338 1191680130
1668978277 1728563812 1343863751 745219146
1781631903 979867621 1811618666 1010333548
1791345668 1134861765 1484066746 907511012
474960786 577872345 1583783193 90251462
1160432168 742741935 511660816 496099094
805498274 202769330 14478673 5620210
1571315258 1471196745 218906429 31885412
931449193 1433400768 170614038 111715745
1014480931 1514477790 394543068 254086118
346861762 58678087 1658962732 479244698
1193539851 995545831 898234792 770265845
1573418175 334534338 1195051642 586366694
1077276273 1706712460 1082465787 800308759
1909481789 1096944461 1796882672 1333313398
420657557 2015789102 312247306 103117525
1301706221 482861345 1805050568 168703504
1997339134 52109989 817332688 196717248
110788075 328811773 187441028 179681758
1324357603 1085675821 825344913 750292129
1420210159 2020396556 1336658821 350002783
1579625367 271640961 85293679 62218323
1368585421 1882176353 527453256 206883209
1750481806 839700563 993866076 904704379
1322561907 651432997 1073407881 99009512
703542985 1890740570 1369134639 814331060
72068694 1556575668 2118658984 1396426296
494767840 796520250 2146718423 1914977998
669433157 1335893597 117497131 101574876
1607534558 202790812 1443198382 828636330
2084967164 1970651639 470395658 276778347
662868554 1464261735 445186050 204686260
2115694732 1518593932 1010364203 671754068
1261850853 232015195 1486085126 1333919546
1788590862 1457260463 582862192 135875054
106297064 582096968 2050853050 775730221
1917990565 20866535 877305095 500736379
223657346 173019830 59194154 42752553
2143671468 529589813 1849106180 659056373
1993851548 146808584 497003184 471053079
1665402515 1507367388 486333049 293436671
1739382583 1972418177 2113689264 1380489796
1282194991 549067810 1516364848 1388492055
1131164777 1419734252 16738626 14524515
1440600786 894043722 132229517 77503927
1067063551 191423673 1825398990 1063251370
721013485 1527021523 1722307742 567381384
1673830106 71827279 381960365 45867878
1579194666 868293416 1971518691 1171093600
693227944 1937724308 404099747 359023946
339308469 1920464596 1216431339 254041907
1192715199 1233169966 224661289 36509758
2127213687 356890808 2606817 1459972
548314480 1828005808 2110044958 1269327964
1207543683 1684869053 1836709347 733890140
1756696331 71186065 1925639111 1188407348
939479480 1749674155 212017299 148586330
1539914815 616117047 1460646708 418576575
389097994 529594400 1202212879 379600314
1762764366 1426874170 2067645527 1742494404
1783764977 2070252346 641804344 184595808
1750774505 604365655 1453923770 810834539
141751059 1143149470 1544724678 353722711
1214335535 1322880142 939371087 6331366
925070649 1151388387 1639038788 317501815
1767505433 952201849 49241448 9119779
1481796248 1251454329 1590932970 1097076965
530844850 1511094850 692087720 167126178
1433863547 1333892065 351721984 333710436
1938257719 1805645755 1847988941 232019836
801311577 1245229972 1830972516 184674595
420626466 622859956 2021978475 1345697114
1774248343 1513533616 1663198927 1394270127
318251816 1712440376 1403389904 396658160
816411056 846839227 749641379 597614526
210450429 1441729100 1514382081 129931894
628137516 1866104066 533984729 418911586
1524266173 234490024 351436713 178094101
1479719995 34925582 46257562 3786418
657785538 2068236038 1098559924 284550232
1434286006 614275204 1678820357 73717464
179231932 934726615 1405102235 995642987
1781565841 7259968 195415243 37863839
1448989067 1709797325 1488846595 588279988
1428417743 2022831325 348554519 108091229
109837700 699991234 983294366 606263329
734916815 1029551929 1342420505 50281847
950304318 293496783 1677252582 237106675
907771986 1208589293 1989644495 1087003917
2143315907 1247263083 2082646903 1777398099
1254523050 130578499 1621930719 556028469
1840375823 963293667 485671402 149967113
838641343 834225922 1926510182 948479043
1534217155 762320901 390553088 121650322
1791872829 1732973594 1514352672 594693499
2026470376 1044121608 831800172 786758714
105227252 673961020 1873762629 101059510
1921224103 1808925885 1878457607 1028263504
1939504383 1352904679 1584291971 48104587
168714697 2069963374 606222825 401133215
756705648 385249361 1955835081 143439154
1147570261 198904522 265089474 261780494
1931878115 1779442148 1386652939 424211904
676080107 70969464 450139907 331167451
744930484 176418889 882366866 518670938
1985344774 613340826 1546934440 230431068
1966245505 983742765 1262278416 872681785
906222490 1868501243 994832591 668095546
106266955 803184025 1806367290 1253837215
1002088546 2071456765 2045796655 786483013
1703415264 1284965947 449864206 232011722
1355935411 900004114 1013319078 74227738
1076423002 1895685945 472053182 442230945
361543123 2018987623 544165986 180304979
855246739 1806444403 167781530 83653929
1527461997 1162614123 1276913716 356815235
1965798147 935797359 740082517 80320528
859770476 638395525 1606886056 415702091
1923361472 2056750263 647713812 484099422
809270728 1661032891 1085195478 800498251
1409235188 1557248661 652494207 465789896
1428752635 1196660194 1951083287 136515726
855620948 2118864818 1897984953 235599297
1133995292 1027415022 1869328246 952309791
1963212381 461927116 1772712834 675499208
1100322641 1232115243 1091201297 876200464
1141381857 1738915110 2008013696 1950652584
1252464353 945725527 1688862663 514215892
355490539 193873223 137510552 134116549
1390533416 2088593840 1920758897 98670716
2059975009 1671260203 334270011 43676620
551191577 56114610 1998796442 366920309
518041726 1624025629 1042419515 575944851
708657223 2133620813 347081180 114633179
1725052275 207611229 1653208013 830032979
1153336755 1194587029 1344248869 164578424
1388460252 1481759422 1145586816 631510019
1422869613 918862067 730180733 605180240
442638621 1064450745 234363976 56374293
1120565355 85676771 1360750504 277856576
1709702399 255686372 1109487796 270875973
241823537 1456568977 2120915050 1966875811
1664180205 1626639416 649425140 20608171
673742797 1993674010 31376954 22701038
1327949783 1176963771 546229417 57106330
2095825837 1276410152 1938696718 390980810
193377248 25577048 1384811005 1313942602
111253818 598077863 805066032 210824153
853764234 1914553829 2091832188 1095587770
1223639157 2065263592 914979931 740335713
1544419359 1564405072 1410369022 70678507
1410595433 1441745977 2132881553 591061567
471226100 531627324 1194397312 419568288
1808037475 985610384 810549096 380316530
1011187431 47876455 1167873675 1122441248
645954317 1972939708 795913815 703804735
1740009889 740262357 447822671 368342726
658042300 1362802603 1556501109 54978010
779724027 819386484 125656516 42835811
113648813 111054422 633897377 584874912
642681745 1828294690 1004443198 303235571
666421425 1814992296 157166644 105942415
1862868750 1325040320 652566454 361339418
1150496379 1448480270 1861057966 743022619
41258978 161396990 1559188015 699301277
1524199593 968205477 754279286 156439971
1787591960 879935803 199275780 107758752
990990224 833173158 338632034 279143833
513984200 1343075234 1936907538 1180405624
1010583881 2094074183 710530830 15438152
1271630854 1363097285 1087308398 274643585
664093906 800882717 1017666202 705352884
962279707 429370570 1404654159 338995651
1397576046 11449798 495435620 46813118
891385600 694711401 791441480 299492864
1527884559 1130073516 1368564143 673304615
325665101 1157988034 1074790732 261458249
1104578569 1785321563 2062217961 228725774
1000935199 1002042712 503369357 154921034
1802925428 1521035561 222898339 171924808
1950406130 1627552499 956717135 243781393
1639002297 1452152756 90699236 20107304
2146864157 882140717 117796422 113708003
2012214232 1486360566 1421650175 190395684
496864952 348957260 1526644663 74798857
2134278823 1441378977 1830169292 987730373
295938040 186055003 505275828 77760156
1707090563 728174168 569101304 371810436
208243019 1525818441 563027922 158161549
830487548 653727159 82665913 3208926
1535867876 200462337 209649473 142701621
1686822902 1631299649 1590994142 36204205
1980256909 970155158 1637647723 329404360
264050487 1320333369 807298806 559988526
1506388371 1312574636 511368344 43258597
2040748803 1080469650 428524679 101508173
458804442 991552603 1948753486 1289291989
1645279761 2031419401 2119160044 1033663988
84398089 181325870 286778798 50548202
1812625519 1877772941 1807425194 1645398779
700444450 1297589270 1464967212 964494936
470438990 124782371 1524483461 452343899
1437357006 2035851806 895338995 435283166
968837807 1323863676 1432130332 1427642248
167932630 1233400172 569450588 104860626
1117335924 541126985 699392729 502341283
722452854 986171528 825471352 387594724
716460820 485412899 2032993501 1416905269
1783002169 1350477066 233916556 105957510
1475259437 1758400018 2082784869 765132794
1646768175 830640217 2095754953 468122334
7020244 1380401639 1895764580 174952873
466318162 317731521 1988165262 1583654085
858858505 540074344 637904447 305502465
1526245871 1463375800 1968906081 95223042
1948788699 1854415936 1512128309 72178910
1057409353 1746044866 1690264727 385185141
1356961235 1625565949 1150317934 856245762
308722518 1098589240 1324368094 315742761
331507230 1072649027 490695633 307129758
1390380548 331377248 233995826 101755404
871451591 871900274 1683066761 250213813
187792426 1504489196 345436853 63960006
1211421483 1857565163 1573404693 121347187
1456126381 1116185773 506532327 159071640
594268074 1656850262 1521849727 902990591
607955853 698734174 1218733350 939463083
1771383201 1709428984 1737288472 1014280100
2040806231 1971284300 1116035502 764774173
695700925 651618617 1014987984 883493350
8624164 1360424838 872590824 347454822
1070506353 298511870 1341392831 379149085
1414697643 1847925159 1044753050 964212666
1357291772 419119131 764472657 436302311
1117853304 1983206008 757227058 741752856
1545151344 347031883 1756032954 1438473926
170832534 724584810 55764450 30066709
1376203426 1070752435 1750026807 1384827589
283693625 475133985 457389585 439420807
773645854 1798782417 1733349060 40859848
1499223928 630618463 2049825562 709032051
1049737593 666814572 526796026 20107249
502536932 1284023085 761860103 523968069
1631054968 370409411 1338678551 463208950
1094994220 1394443002 520937310 323713997
317711789 123480471 1708541584 601405413
598614455 18447522 1955605388 1372260308
1817229938 1541470801 1413120155 1168970217
24605615 1315462070 1878002267 1074343208
1982276642 257314646 1094450455 337329925
1541337731 1856310559 237534550 74770850
79236321 1576213102 679312901 494917639
823172456 1200250213 1497944535 1140884244
1323730683 1059002472 1742289655 180055482
1077449993 1550411396 1147121795 747196283
944398548 412758303 1916166498 969004162
1728220373 1646685118 2043347368 1563013366
1903999764 990314176 1900343289 1297853846
699141087 2137877840 175279246 77260423
1566607293 854592148 1952607946 242296100
2054842360 1303068834 1383180342 1231089394
214587658 977986350 1005950881 286086769
380914097 5589030 2039233931 1325312644
418347332 1807916783 146833157 90903506
1307118252 42696878 1562097420 1063634367
1033011054 1314957062 214004563 20115636
1305351253 389283810 363045897 361429001
1243875958 168170196 966770996 184463673
1471239030 202467692 234840414 41943789
1180454041 1240791296 830380687 730987451
1246380325 722130972 739197132 186333393
382564106 886030290 1663811711 25870646
928727168 1078425485 605833075 144238996
245898898 819837639 1546406711 4843440
1209121449 1909452609 128241399 49030960
2077622805 1095012396 1456748425 1401378186
1297480087 1691588840 939721223 330450480
784896488 1770101911 1891818616 139458196
344749234 483532101 1548520819 727313339
1369562391 1064848884 269512047 150805910
2143274368 875345123 2112544129 241689617
1695182761 1511467193 1792939766 756820561
1273436153 1921181166 1062334317 141240992
868709914 371599096 457469845 18706352
2063187935 1397191069 349156830 2287114
1019809332 93491799 584393937 195770691
577023900 2132914757 2091871903 1946586290
1050279992 213900303 2097392198 1046070711
1089245425 2062452680 1287760327 636944537
1426436224 933216446 1393765097 552388728
706913964 308615767 1755964036 1575623877
680214862 65950234 1594330227 595919149
1463141303 1943487059 1296519921 335466986
2036978857 1880913859 1700025549 466519108
1866344968 1644413805 265621748 237897815
1858314107 215530299 1815212021 800075883
130499330 955488701 1437020419 119915134
1888705146 683301869 2109324280 448135461
991917635 1717804669 2023759336 1672132497
1783754902 1470605917 120567996 14300592
1266609327 1417087918 1434879540 1156104535
1150518129 987421443 1622623642 869379448
484351599 1888245391 1638520757 195182058
2103775690 1306249131 995257939 86791371
114254183 284794711 1643726923 359232406
968096579 1605567556 303611140 138347374
1175888576 179886830 1484663061 812159829
1650492746 1605231058 1911572384 769618424
874835327 1198968277 1925722957 99630498
38906071 1400862952 747249253 523257670
1141624695 238286364 718439726 379477010
1544535494 1713697666 1184708105 474081572
1998492377 680951381 1514265356 819105307
139035288 1817876497 631635871 51652121
1997763326 2116298933 2127083691 1500772423
1574046342 1891172428 122907197 55583627
942657056 2048630156 179267826 85223997
1302009459 926517081 1504820795 296150505
1164803444 75776874 1394067239 561855289
1789474539 431291698 73161316 30934315
1112243078 1587426673 312104925 2858666
1257819522 943740797 418718579 270662041
912556082 398318623 461387973 339118775
142007402 584295171 640516794 444147664
485441678 819784622 2066227583 1787451137
1746301702 1423564731 2083601640 763621497
1499341604 1330185233 1325476784 1141332494
1761476930 1398638102 634332112 91904247
838581126 946437038 1977514723 118885924
1890177834 248749656 1057016197 655250267
647068278 1518404171 994369041 789075680
2102699341 1634885836 1873740136 440657371
307186809 1792484072 80624858 37867060
1068565154 16742851 669626357 420423109
1346928083 1995103143 1561755601 960921364
1246257596 48604066 1687157722 397680999
995041103 1517188798 2033755719 737735289
1765938453 943288269 1392985554 265523083
314208791 239870948 1054598761 269424483
1874756784 780855250 710081852 34459944
425855673 790706711 2087948453 1494420826
807449562 610091163 1914843933 6893996
457710657 1329115887 967815359 736152893
1377719953 507489434 1641323324 225277407
2024678231 1527595396 963012694 680120342
323400016 208514602 1908656117 637608806
448385549 815771231 907033287 175658684
1596626480 1617115141 210118627 131414509
260338203 150583433 1369419328 1067787764
760674595 1136779614 1074681759 143703493
318411852 2042497119 774869854 146392096
402502904 268709531 1921409210 279697486
1796304926 736938257 1922830520 196874421
945452858 1684002990 609830097 174178213
352290572 1516863386 1569497089 379419962
986494878 1779615717 1823915553 1246833080
1930199149 1045851234 167137195 41978511
35147199 1241818955 1761775346 353559051
1136832425 389161553 2049690853 1539335328
657871084 1823616416 1819032812 306692361
413071025 1594379686 278913653 242869270
1130899027 888743751 604878639 273432321
258123488 26892082 1284623000 1244618365
1806507798 961054907 343967796 213352115
2006906140 511104992 2132613393 2042053339
1752923946 1746905092 248128740 246015242
2136066644 150335946 134124400 109956479
1973952362 1953157213 953146439 239539738
1400053250 1232060093 1598063618 383468629
2120803843 55458611 1866658226 231443683
82350692 1003797579 1476062046 412796443
1964852485 1820029843 1330598138 493676839
183651186 1315727884 1718844666 217730465
915149327 1966973407 531364203 372368120
2117309352 665488604 1550186400 393591665
471162169 355849192 35834153 7839462
1587909284 1633897773 107200397 60423921
1689356383 1973858624 1792673160 1771707074
830172555 1121251559 1513081913 647541391
793797754 696196405 324332718 4450785
2011924288 2043177385 766540421 13049546
1862667143 1297904625 1683322288 149170559
1963393229 1086025041 1628787262 287071749
1441874233 1664621417 10803517 7214991
1151035541 118003916 296045697 100816881
2091862539 2088718858 317131699 140288047
1062486769 1830213613 1422092835 434191687
378926369 1746425554 686249811 243367009
1642119291 1452790233 1022956974 334345811
603211210 558795615 1042311982 419120790
1644820655 523615598 706192537 233018702
40753366 716996055 1821511106 1191788906
834999970 2117556804 1884697179 779378861
2058792014 54345231 1553930304 973795134
1884558843 828539492 682596006 116001564
427481398 1368845818 359368571 272757833
674152403 1382325546 1279419823 1277363612
1941121160 174248159 1696484400 1438458166
697863756 255193290 230185756 48059853
972189344 2051696863 1930406025 1807189314
2021770018 1667619557 439084525 176740283
1721964787 1993014830 759389867 699650114
674070674 1441985874 1575041543 1101552071
663348044 1934410115 1023669109 313831337
1169252012 155605285 467380408 28128707
329853443 16381161 253864040 12261038
271574450 484049797 1766334317 1243763793
388263011 1549256695 903469457 262549380
1069392603 1342553983 48144114 18000259
1188085165 807533982 2102913721 1862155838
102036208 1530471617 816224259 765384251
1317398084 1839893369 2102884695 339166447
1995498653 422781456 1302055969 177868448
439162616 1555920010 1205585644 710737065
2039969806 824436315 1954500856 280749168
226209361 710486667 543298546 209004872
2053040649 591442661 1939475703 1093642165
1398976643 1894905777 808314353 692698497
1277893746 1624538613 118913451 91067828
1316948333 74314499 786974626 377988712
497095954 2089030596 1342831784 936258569
1497466957 400933781 1646995632 1389953114
1225370095 1454012841 1670702280 1451579456
17015859 66517180 599697770 270963198
657959840 391689826 1016215023 24506436
139111955 1824529378 1410465682 6540018
1301584342 1529379134 1864813879 471049027
1603693632 504304858 1636012363 464777222
445851806 831360500 889564504 164189754
1232294280 389076489 1185788227 310180727
1843089330 709006860 1761760181 98345007
775524039 213974304 1782678046 1433483879
605664129 651409423 1342936711 744776083
328455152 605918747 14298133 52331
2135297880 1879112013 2101088518 1591507864
235933223 1589617234 1544813799 681785028
273494085 286894657 477620140 72927945
675971145 1663408368 1815969090 371576826
224931580 1430245624 84198365 74273603
1644219927 1866876412 286455847 102400407
370802186 1629392560 847176489 699257337
87827658 861474623 181813181 75641889
593102988 135418052 1667149751 829036210
1725035286 1064479904 1510821236 487708134
1351374560 1988441377 1356834085 670511619
1504366097 1025319528 251438881 220664390
308081503 335637247 582269644 205492497
55030010 868725493 2054701835 425832196
350634404 754394677 1125089531 438462061
1615869299 1306902713 514103948 61488638
1442320765 33770053 890524846 129347556
1098249956 253862435 870918122 302140867
94820164 80268561 182002921 143162892
1105588088 433441803 1181000286 232669305
769079049 1763269931 1218487370 824109059
484511775 1125705558 1249941253 835146178
1880100234 227547137 1273608237 74877648
1534449850 1787712187 1409974521 829286966
1821482239 153015721 1849159366 772248546
406878155 572593841 1074389411 501698318
652862401 1256392333 2100884576 1758450489
1689834136 1134401215 1024636430 311429536
750187498 95640153 1135538593 99160679
1221345711 237996199 2069845449 953962296
465543336 1195970039 154964531 140418813
836198577 1564939054 681796501 510197167
1717954774 383472220 1282445711 842387217
956066060 209351475 479047597 171785670
1465743808 432448526 1219895300 1008094295
1566849741 97048083 1319523829 169553590
192688235 307578776 1404252860 9781085
545574974 1326614662 220512592 129067941
375101053 375477124 863627844 347671785
1940416177 1545424346 1721496795 1510887302
1928896565 856458859 1488236581 737478977
1065810334 1967284179 198923788 185146705
252249056 1418819089 1392164786 426934010
1515867171 564204968 1988652384 1708555405
871783743 1245421598 975105701 442253016
424552611 1195618294 280993376 237666911
1571095417 1144621222 2010953291 1364027946
542561919 1584966439 727431598 323974836
293941649 68184532 1061453811 298298171
2035468710 1260377600 1743822473 140234118
531713040 988503612 1959332912 88247298
1552708580 1800501650 1608651965 277008674
898439599 436274019 1694367389 1322992209
1631892312 1975360767 2122645871 1055504081
972498340 1986115515 272048377 154818373
1423598305 999479976 1839035092 1717539953
1067664508 753005256 929808286 25841283
2013382855 526147112 1095883685 397612246
1514650724 907732951 297708806 26749237
560750952 1906360773 1196884327 262306223
195151143 743768070 634699109 557645237
571645188 609861333 735063886 74015755
448493199 1007112264 911720135 48651233
2006592239 603271581 1442147807 926773098
1356276836 224472446 1882422666 1222176043
750619557 830822704 1619788287 117786632
1738555654 1917497095 1037662285 151822957
1676374219 87062966 1611013505 260511856
830831035 98228968 1551085166 1402476222
708090300 138665405 799136099 357447400
1145777668 1710856235 881191352 123694907
166644167 175855512 1931659355 1522921003
400327957 1666598374 597613396 553334118
349937430 69918036 1268734144 819758939
1987415130 158912783 92832391 30987444
245975748 1703845897 1240347412 1076806782
1802074864 643948931 331799354 30882162
782614336 1130935454 1519265013 409126990
694308040 252972718 785794612 75157595
428828230 569970321 236389560 119987506
89085046 834002957 1980103698 439022475
903920992 1101354196 380031909 363820565
1260266978 472864301 112674524 41473913
29226549 1353021937 435565857 89037985
1996970868 767365212 46499279 27610928
1898300665 1565764293 413009908 32115148
1818737010 1198804522 1306077261 100081591
1768774842 1542466822 929237776 928622111
228986130 761857827 149398713 87116131
1863212022 529430623 1876759594 975995351
1002294923 1989434119 334754426 27258193
1194972408 770320284 715339234 329120393
1537685495 761838514 1676561180 1288502511
180119158 2089571089 1733627566 265228602
1140891962 892221180 2098937757 762183155
287204354 880691886 472559393 43631090
1642549713 621958107 1649097603 1358278086
1151388729 1378373550 186789788 6200003
1220324021 521544215 1037721472 267812780
1291864499 1753060708 1312272405 682066345
367415573 841349938 1970568855 547534731
783437378 1556712774 398907249 328700344
301450305 350361359 539028845 49625813
1231053245 1011588239 1104845140 726119309
1633546345 606459096 2084397393 637451425
1984832646 123703534 643651426 414021592
645247749 1681372900 1325485796 611626451
1286949959 490274554 471694942 239280705
1331624491 294780150 54416612 47230612
1851492923 453323862 1891907558 5459580
803685221 283452757 594114236 252395757
1295040995 1698959377 613374124 167729568
157934825 550287870 1418555115 724212355
673991404 2062206543 1052956838 266282314
1596095794 230958987 1108867749 735562104
721233540 1580562692 242443985 113306150
1875342842 296860599 2020436248 1579352116
750184460 1764860160 1584811694 1553869680
2048312916 31442284 1441124495 1195870262
1730401660 2054498620 1976973952 1888336484
457302842 1248045421 1883620304 1131294245
1162768315 789093495 303049747 5280966
1020052481 1411917497 1346942562 394343458
844996540 1589386548 1646660400 572855733
1886247146 1519613002 4724200 2355358
1136989513 1589535895 2042817636 1037818780
1620978178 1336458485 86205392 83226094
1243473456 2063179346 944749024 756027273
1163741118 680885682 684586892 179025784
1469979176 987636640 790406242 342548009
252070488 2137348805 2083834027 1097067028
1579251704 1583010781 1669922759 1318015202
955140134 1674646960 1806963158 285166488
1116699207 1702297147 982464776 590193736
891271983 1068670169 1794089924 340655515
984365866 591355302 1688038086 623335
1272240983 225141332 179649117 55789159
1212777971 970055360 937284517 527563942
959920516 873634898 414431837 391688572
309162030 2084354597 1709703772 1264302163
1611517909 1369183283 1208948159 580733467
923996781 43929288 1170927201 644341563
1112599456 817533479 1802530553 294434769
1408888780 1343084992 2097588655 533646114
1568226323 129754126 1128382622 633520646
1099809485 2065667141 2098369103 2059730001
791818390 365317293 303934923 189175650
302188241 2013638696 217798932 171314693
1235338330 1426747092 346955966 11851462
1470676379 1517883169 1827120224 435792186
187932999 1482167130 385273858 55726346
677768474 335378867 2130467890 98511148
465132992 1111366865 732031792 100878892
1029550357 682917248 1477188827 344179919
1048234540 1781123751 774865515 575557266
1647278798 992664448 1116645280 735133479
271927891 1463601248 746984940 248634389
834000768 426621517 30912806 1811168
1908788647 416186665 471271894 439073472
751565531 454256137 537584618 141529286
1565623001 1269616412 634157349 447689710
1952533659 2111346177 121574806 2260909
1744986280 896440323 56223682 7860425
1889104770 1172868963 1979914907 13549013
488986562 579416200 1756153280 1322987329
1006037716 1787066087 197437445 175030379
55769104 668709340 1206416184 807334634
1122965476 1744000804 2024033155 541104829
866133567 510706857 988794537 671183577
474569385 1110369344 1524468126 72072016
2006809666 1580691809 1316853444 431577344
606077124 1149284704 1761979799 1095063685
1728700903 1370649432 270567365 46120240
1010231871 468004811 1354597683 1066000974
1136714151 413530220 1873335606 112195978
10047375 1749885114 653300805 222880136
113108322 1642095343 1547364517 587677707
604981039 924348996 659749721 464307056
357557157 1976603166 65254194 50075564
978404221 1827233994 2058697963 559621475
1050399778 181781681 1146876444 913755204
649786492 353990480 979148972 807351670
767520699 705000931 1898696618 777568074
307402397 404513777 1653749013 420510718
2046609119 1053629883 1008188423 504106509
1977978879 1667938146 968413564 188052387
1497057663 1033667759 1151686665 327978236
713418105 1062900981 887599709 876218173
1244682662 2034476154 1676965880 217503273
240982985 508631205 1533486145 1008503684
1213632135 1284699116 1786071756 1521034531
1689212892 1292337122 1941545248 1588338363
198483357 802250024 2092444870 28978587
322704521 913374787 217030972 83514408
1947042546 1368717638 256770 207312
284134970 887856480 129311234 106394057
774848986 1806277115 1275803134 1015831970
167424671 661805632 2024335652 1381056805
1946504748 1662923761 754607687 733626304
807777235 548669288 929088704 77171887
1350919311 874049928 1035239176 638384656
1787424714 1252270149 1345902366 241081245
473504138 1346159137 2099960611 757639107
86531968 81788198 138973089 27542419
1888065312 1414776224 1877212922 178277060
2076581856 1754064927 1289063138 586539817
1269505040 2043670826 1216353296 860928978
444856465 2145442002 936059215 859716560
872008281 1971298392 1321915957 511949346
1076084892 520334676 2098932956 1549589029
1866493812 2051409920 159744486 36091948
2133198118 298717576 666923083 539933615
1713493800 396652358 1781786114 1642592007
3233637 923365605 1370711312 1272738676
819552782 439580961 1202537300 61871946
437539314 2138596516 912701371 396846223
1962411259 87133682 1821496939 891012502
607468357 1772946248 293117881 33360640
1676872519 452862368 132020651 78339176
751579944 798943735 1388883120 317590095
1195596093 1023185587 1960182100 1198829729
1946551191 1183409765 324084755 294535569
1622990725 1526622056 1883029568 177500471
1517734923 648247292 1222593983 110068550
735380973 896607275 76191385 47595785
522069874 369309267 1669327849 51458745
822171634 1801348501 1714045731 1573751577
452808587 955445204 1891341670 1648404679
1978630790 1704040123 699750758 378196816
739966239 1023835514 248835006 215473316
402973921 2131864575 128519705 121432973
632628219 1351113689 1105887726 262121465
100237316 1182079112 563374871 58932318
1551388378 85219073 673765932 226076364
1886567573 240328017 1799827939 191892512
1195773220 1543685963 1840297189 1026920362
1100242437 392564301 657135044 525938588
1416399814 905970052 2055681990 1819373735
890350978 36718048 1592598928 1522979196
1387831736 551003008 743504738 1059575
1733082119 1306879610 2110376239 1136986849
1392098683 636658524 1363063211 1131182607
876986540 1015407503 1323075117 749684643
411609817 1015888660 952196472 559655782
1408452960 1609331517 1204577280 677369125
367817920 1112775623 349259210 210391268
1149493670 1941858140 633664444 389841757
345377499 1377169183 1877910807 200548810
536565145 1840803399 1067962816 860701011
329978274 283542380 912362784 294602030
1298949883 87954255 1132240924 578318775
1103842914 2084437397 1074928303 364812225
1546285265 132021936 1042181348 871921837
1244797558 1391440560 1024788433 246807579
1185815051 1658452878 636649335 257893879
888138413 367076495 1462168516 1424703557
60396245 382647686 1205883734 390374518
666190065 2118246519 1597339330 367800617
58717125 582096607 1528215997 1162560038
519050355 455660653 1527372261 537963359
587682589 422069963 1831955155 524991
1813510522 709259941 2079287724 851841924
220229170 568453412 235550823 166164290
935529906 1697719340 385587489 224751172
2080367025 1591471224 1386300666 599073442
1562234095 836156350 416729739 370762002
1418252956 1944945737 636027608 29220487
253122742 15916222 1855155281 840805330
437986184 1539626789 525801826 104013057
101403081 457605903 955854979 321632250
1026059314 1191405803 1429999831 531589388
741641495 1815587321 810031719 674524871
1259574897 48848739 1273598311 674325343
885005088 1690328052 147792912 7981483
1487790140 783820521 2093077704 1740912881
799736743 1800749338 434234561 369253804
1192892478 960036389 1341735982 1294295558
1417642291 150107314 1615927807 296217957
1341513117 898443991 110323526 97331143
566547663 920355247 610195832 605730895
969203985 1883794145 352964252 89387812
1426638548 500757166 2009983465 766945039
1284577686 1955577523 360374271 282443073
1608843212 794608833 1174553705 654252042
1754645221 368806040 1948547598 1024803864
518913353 1416991758 1321021819 539404650
167952100 1431345346 1796097430 734499763
204216944 258809616 413138672 347143584
2142603760 766102926 880146350 541612309
1266860091 742646169 41220048 32973696
550740043 401594320 340784907 12099606
1196203153 1515338613 666351646 137013079
1884144652 467415598 1828168587 255574356
1884407355 1001706759 2116000824 2052359455
285568457 1764614607 639375568 489785400
2023424222 1052514241 1663206327 355338006
1818617166 395869030 1292819342 937993608
1138515198 1334039392 1341947735 347307505
1735633711 1682732643 1701354845 784353215
1050587607 220222844 1587717939 787248610
687638441 1268402879 1042822964 424562148
122625990 1011340141 329437953 78756493
628471100 968813522 897979844 504411673
2021327762 413702524 375472357 190571852
809571554 1668291700 482971238 16201799
854847443 1824918974 1489858342 442997506
1360167968 1043729540 1227350719 263271926
1263952383 667585011 1050520534 901070290
1935987890 2093343500 228669322 589981
957199992 558107276 319324675 308372391
1526920797 1217304520 2090082763 1400764910
1631007044 318071473 945742540 293094949
1986363172 1428713780 93698050 37840617
1106149105 1583556393 1136724471 318833425
479802284 216591543 582105349 579543969
884176554 1632625885 1547861841 672680795
1578485736 1776531164 583811024 388202079
187154791 903135700 1973873169 1714075587
2120440219 1916472285 967356847 636606767
87060109 1913099389 1897058561 176364719
1194329520 1990756613 619666597 152994976
1426829357 1756391069 471828399 19318045
1972982612 1053933750 1502902658 709675517
539075986 903280852 1382356310 735205411
532328367 1966167335 358280150 2922857
721819386 184669672 286075094 122625768
2101141956 1253431942 151255921 40718416
1019047682 2048314483 2114141695 65893553
1891587447 586324645 218888528 76490516
195232066 690716928 930081147 20731029
1744650677 285500158 730406544 136243014
1188781009 2112762855 106321085 19972015
1931446541 464601237 293108882 212673396
649270908 579183977 1200558232 602929216
1832615918 1351814154 643647630 60532322
1252644989 610305678 770073503 226675284
1196630323 988962032 20198293 18378464
1679678960 950279441 1412593415 1276845988
1235779598 2142999960 1413089001 277076958
2108279166 1519410087 1998186331 1892242058
1984011323 143811566 250540686 235257897
722995542 1451098919 1088727797 408127812
655429425 1732375428 1112307762 795766651
195197458 1882381266 757339550 634488230
723859650 777537845 636206518 256054961
1727817285 2048799934 1532900947 816113235
2044316245 798506301 1093190191 911921571
170432740 943892876 1749870170 6960414
1087704441 2000410857 492758995 332422998
1304026127 1581486793 71344145 33163636
1166378573 1183651908 1720046314 1361576030
918549525 329902218 605920160 430568854
1107440062 1242126679 1898464133 687773698
1143442964 1283881434 1503886931 1040275560
2082387734 449593476 897903672 105336825
1393486351 500290195 112297238 109112667
353217403 605056234 2144407124 1657243529
39059379 68267622 1469215431 1205437951
1251919529 1041778098 419530331 22985406
1371680315 1025450492 1665394578 331636728
120093522 1416375065 1019410425 244126060
552772850 375813709 156328395 18691750
825407184 1054232068 593013759 71409886
1554522262 705310998 405117028 287271552
1310367231 402040505 1417499543 1349426609
470308127 739231327 407380910 92704015
1781009425 826911242 1745213059 1005206091
1852361733 1263123991 1336842818 635612436
532015407 208769596 1088508089 1084788256
584583304 1244836485 1572465189 1409990488
151584904 17995301 1481400372 224706793
