2
5
0
0
5
6
0
1
55
2
8
0
0
4
1
6
2
57
1
0
0
1
2
0
2
-10
1
1
3
1
34
0
2
1
33
1
2
8
2
0
11
22
1
-40
0
0
3
2
-72
0
3
-1
1
1
1
1
0
0
1
1
3
-4
0
1
5
0
0
18
4
3
2
0
7
8
7
16
0
39
0
0
14
3
6
8
1
0
0
2
2
0
-1
50
0
0
-1
-5
1
1
29
0
1
1
2
1
0
-3
0
2
2
4
6
9
1
3
6
4
8
4
0
36
0
61
1
2
2
0
-2
1
0
0
1
50
0
11
0
2
0
0
2
0
1
1
-3
166
1
11
78
1
3
7
0
4
7
13
10
19
0
2
3
9
1
6
26
2
0
5
-6
4
-3
10
1
5
1
10
-6
0
1
16
18
615
1
-13
1
158
1
21
0
8
26
7
1
1
2
23
0
22
1
1
2
0
42
90
8
13
5
5
3
4
0
2
1
2
38
-8
7
1
65
3
10
2
0
-1
-4
35
7
9
1
4
5
3
0
91
11
4
61
7
0
2
504
24
5
0
23
1
7
0
6
1853
0
0
24
12
2
0
1
3
2
0
1
0
43
1
0
61
1
0
0
1
0
1
0
1
8
42
0
2
-1
245
0
5
-1
0
3
0
2
9
5
1
5
1
27
0
1
1
-1
1
268
1
9
4
3
3
0
-1
0
6
1
21
0
9
1
2
1
8
0
5
1
0
1
4
1
-13
1
65
0
6
9
0
2
8
0
1
6
2
13
6
-10
2
75
2
1
7
0
0
2
1
0
0
3
21
0
17
0
8
-5
0
10
5
0
0
2
18
11
0
1
1
0
2
122
1
1
0
0
2
31
2
22
497
1
1
1
1
6
0
10
20
1
2
-1
3
5
0
0
0
1
0
3
2
-101
0
3
0
1
13
0
1
0
1
1
1
1
0
1
0
0
9
0
0
0
3
0
0
1
3
0
0
3
5
3
24
4
5
1
-8
0
2
2
0
4
3
2
32
2
-1
7
9
-2
0
1
0
2
1
2
6
1
5
0
68
5
30
5
583
7
7
4
1
0
1
0
14
13
1
0
0
10
2
1
1
2
5
10
-9
4
0
1
0
10
1
1
58
8
0
2
-1
16
0
1
0
2
0
5
6
1
0
-2
4
1
2
0
0
22
9
1
15
41
3
6
5
-1
-3
1
1
3
0
7
0
1
6
63
0
25
0
1
1
2
0
1
-1
2
4
1
0
18
1
0
0
1
2
1
0
0
15
0
2
0
4
2
9
12
3
712
83
2
1
38
0
1
0
3
3
16
32
-3
0
2
2
1
1
399
9
11
0
0
1
1
3
-1
0
37
3
1
-293
11
3
-6
7
17
0
0
7
20
0
0
34
0
-13
0
4
0
2
0
3
6
42
17
-1
3
-1
0
1
0
0
3
0
3
2
3
0
23
1
0
0
0
15
8
-2
0
4
1
0
41
0
0
0
3
42
4
0
2
0
0
8
1
11
0
-2
1
7
5
22
1
4
4
4
16
0
4
0
2
2
63
0
2
0
4
1
0
4
1
0
0
1
0
6
-1
1
3
5
0
-4
0
0
3
6
0
1
19
8
5
1
0
-3
5
31
-5
5
0
2
2
0
33
17
0
104
4
1
1364
2
3
3
2
2
0
1
0
2
6
2
0
0
6
0
1
2
16
0
4
178
4
2
2
0
0
6
4
6
-25
65
-1
0
3
0
0
795
0
516
2
1
2
0
0
0
1
0
1
9
1
24
-2
1
21
1
1
12
-24
5
2
3
0
0
2
0
1
2
2
0
28
46
1
5
16
35
1
0
37
-1
0
1
0
1
0
7
2
2
0
0
0
20
0
5
1
1
0
3
2
1
-14
0
0
0
1
0
1
39363
7
0
0
57
1
2
1
0
1
1
2
1
-5
0
2
14
14
4
-11
1
0
22
2
29
0
1
55
1
2
24
1
-5
-3
4
15
39
0
0
18
7
0
5
0
24
2
1
2
0
0
1
1
3
0
-1
1
14
1
11
1
2
-11
0
0
-2
1
1
2
0
4
1
25
2
15
0
0
0
0
25
6
1
6
-1
9
95
-8
3
2
12
2
4
0
0
-1
5
149
1
2
4
0
-1
1
4
0
1
4
0
0
0
9
1
0
1
3
8
59
1
5
34
0
-36
0
6
-4
4
0
2
3
2
0
1
4
18
0
12
0
6
13
21
1
3
2
647
3
0
3
115
0
0
-3
1
1
7
0
4
33
0
3
0
0
4
403
0
0
3
1
0
3
1
10
3
1
2
1
-143
-4
8
